250
-7929
-4687
-5554
-6982
8287
-1234
620
-9138
473
-2076
4260
-5224
-6247
5008
-4069
6377
1347
-4205
-7099
-2041
-258
8475
9922
-5562
-3972
-2877
836
-4036
-454
-5030
3347
-9842
3313
-8819
8014
-292
2196
-8639
3821
1938
-6779
994
9499
9540
-1531
1257
-1408
2743
-7306
-4090
-9044
-1749
-5271
-3160
2069
4623
1658
-2275
-8647
7197
2830
5325
780
-1801
-3678
-2601
-5516
1497
3667
1500
-4949
-4929
9037
-6651
-652
-4395
9133
8669
-8766
-5721
-8648
8715
-8899
-442
1528
1569
-5904
-772
-4036
9296
7860
-5393
-8849
-9723
-4050
4508
-2171
6414
5196
9084
-7059
8920
-1019
9153
-3779
-789
-3457
85
3680
4131
-7310
2865
1925
322
7375
-8788
7637
4926
-4676
-4481
2693
5584
6844
3703
238
557
6948
3281
9726
-1831
-1334
-8050
2765
2058
7372
-9630
-1434
1896
-2155
3161
7033
3858
-8478
-6721
4209
8927
-2370
-5887
-4253
4248
200
1983
-8138
5638
-5179
8095
-9165
-7367
-9234
6392
6332
-1122
4726
-6329
-6828
-2006
4760
-1025
-1127
-7434
-47
2461
2353
-2050
-2439
2189
8087
4300
-2150
5430
-6723
-3964
6855
8206
-4889
-734
-9825
-6013
-2980
-8913
-1655
-2407
1905
2477
3461
-5954
8566
-2297
687
-9181
-7161
4960
3041
-4036
-6401
-6653
9462
-8827
7738
2031
8345
6833
9737
-8875
-9273
2400
5023
2036
4358
6004
7144
-9972
-8702
-9091
4066
6959
3338
-6549
-467
-736
-1142
-3414
6542
-357
-3146
-1595
-5041
-7702
-7617
7385
1767
-3237
-9823
8481
-1508
-3208
-1540
-3640
6206
-4655