1000
523243681
635438190
2124045515
1399640432
572056096
1818257477
1781644456
149319186
847007646
1361918775
1508351930
279435396
1768808086
2001306500
1158307980
683479187
1716784002
550581290
2685881
142469104
2092478749
1066667862
78929314
1715550126
1566946444
1359577783
526603963
2143225707
1618112536
377602669
1577612083
638436726
769547964
613377792
1108626412
1770408757
752260327
1621914862
869746939
2012315508
1827202159
1206326667
2007574556
312126712
1205809448
1698204840
733194854
532088255
75912596
700015785
1764717381
1972081201
94590353
186548664
769079260
45942820
1619016221
1198223203
1357518501
1337930359
610220034
249569270
927442869
673006697
1571118473
1244307927
1993993160
1514049496
1838198583
294312900
422625109
1833967671
303881316
1903272482
321603763
1706584575
526603963
9717119
1213827072
1468266922
1962027985
327771178
1365328388
1488804351
1313449308
2011380888
550581290
1431844783
634090272
1599943879
85100605
1152359727
342662502
458560728
1166514834
1359186630
931057382
356282321
697904033
75758113
181607961
1166514834
18348691
1133098878
759098987
1695976040
430030851
68148745
446152587
2073758132
878490885
1077142778
650823221
748502049
1436066147
1839734113
982078638
1488081628
279435396
1865663066
1731269634
772444300
589162547
1016301181
468440413
1584595895
1045143068
267682830
1175059846
1845698801
2097553302
1106163839
369242933
1003607602
1755970123
668976666
1634162174
142469104
1755970123
957383962
759098987
842516704
636191441
1455835553
1566757764
1958683233
1576320773
1220392302
2013493687
1029127949
702882920
1268261121
1541235883
643289341
1986097190
27386754
1905632887
1295906780
1107951659
1204415685
1529416984
1958683233
1964788051
169762022
1359577783
2043655669
267682830
1732104175
1107951659
1487460498
1337930359
842516704
1558457263
231004824
70034247
960593764
1093058027
1670828582
1797897893
2095908307
1400901808
1704139665
1995854937
335694906
1853585223
1322611463
638359231
1010803357
1715550126
707181525
1313449308
1175059846
152383805
1056141096
1779482857
18348691
1218963063
1003607602
1617311166
112291289
1472060134
490705771
1529416984
1198223203
589526719
707276724
299468724
1188329826
1322055283
1216318592
350204653
86546337
2132369258
965317560
2020798485
1797442222
2092478749
169285150
1891323984
1203584302
2015038347
1490201724
425456320
302098932
1696018661
555143876
1768949458
713354617
96163755
1720353240
2065773492
1126342869
341671911
1843065881
1275728864
957383962
1648785558
747404081
1096863724
149319186
1946745491
629723350
430030851
1555566313
1673464270
1408877874
979919262
1621914862
89810821
446143871
2013345651
180969558
2028450607
1038789674
309595794
54428430
1054833094
1331482701
112190133
2123016096
1417275379
715890201
1961570124
170503615
432155566
1386500701
1247282454
1783325103
1542618702
2116106098
1398309092
998377107
1003607602
745537321
844430182
1918093899
1713673697
1368302761
1891323984
194491140
1232980129
1249484813
1466591241
1579663497
697904033
1508112723
176405186
1209075136
1249170808
733194854
1409074746
1619723724
2106367912
636963042
228319618
860151787
407110560
931057382
1764029241
259239479
1891323984
2096162383
1146345715
1891351768
718431832
929586216
1160531450
1365328388
2062993273
1932750169
713354617
1056141096
174394133
1218839223
112190133
1289666410
1588831498
509918742
884440121
1092620765
1949252943
2071929704
379505935
1555566313
1160353652
1175029702
169285150
1779482857
1216165541
927442869
1520819266
302098932
1151739490
984313394
1794027718
598609218
1103830352
1767533064
1153751284
775935694
428553453
1140204702
431510083
957383962
555610319
1815071233
1680757852
369242933
293126497
706693464
142469104
720015632
881066211
265953200
1216165541
1018985892
142028680
1272647347
1232980129
1128230853
1731269634
1359577783
2092244752
90826997
1853002675
1313845226
1162416420
2016664756
1796785591
1599943879
798855355
656291135
1811860992
1947457170
1313845226
957383962
855206461
2015038347
1960179217
1695017684
2106824550
1563671079
2062993273
1280364554
471372371
2124045515
1770408757
218303128
224869830
1092471211
1715966933
1081482979
294312900
1458316528
1895821134
1619016221
538761139
2086311592
1164004391
1486187543
1661229547
1444914988
1466591241
251656223
1203197610
194491140
1103482763
1417275379
204914544
1731269634
1946745491
195202424
2045084473
1120730108
1353228004
931057382
335599234
1530737596
824579898
1451254417
1077142778
1417275379
1732104175
1423780799
1895547384
1361918775
1393027584
868221037
294368023
1622099348
629876822
997608212
1271421443
2078433430
629876822
2039792703
1958683233
1153467710
975578860
1518662578
1223103704
23035466
1720353240
1271421443
1361918775
399063196
226347143
85100605
51380233
1891521692
648454448
1558457263
283258731
1793008632
377602669
80285879
1905632887
1732104175
629876822
1289295577
1094581481
1391412809
688988613
1117286277
1584595895
1642618028
728383131
603566935
922326141
627164729
993992670
201126160
208282310
1106163839
683479187
1558457263
1094901535
555004273
308346503
1120730108
70034247
915097456
1957169784
1790295214
856399367
829199118
1164004391
152383805
515328625
341671911
826948744
591345219
1408877874
267682830
1821826199
845024514
1280121366
275258982
1716784002
1427658338
327512466
458560728
1790295214
1937744716
1147512482
600962161
1918093899
1762131023
1152359727
2092416973
1004422201
1133400012
1569870125
1937521399
1289295577
1009162860
598338455
1670828582
401128736
1473716790
327512466
769079260
1023971902
490705771
463164602
624038015
1010803357
1763624749
574442316
1903278276
1728636709
1949252943
1952302285
1008169434
1895821134
1208968487
43298274
1175059846
976017441
790406005
327512466
842516704
1034494714
628296851
721154043
1755970123
555004273
211567654
2007574556
617801326
1529416984
163413893
275258982
1847916821
1123642352
945504713
1445555655
2121330209
112190133
927442869
296302595
1547911369
1698204840
748502049
1405600192
894497791
1295906780
211567654
1765232216
303168861
1117758621
1074067201
1607166677
629876822
1656482337
75822926
1630552534
965317560
2013493687
1795302234
770658078
714727847
1800574814
2065773492
1998662445
1398309092
1391412809
1175029702
1896913909
211567654
67486755
1423614348
80285879
508053114
1289479352
508053114
49278457
1468266922
1230475471
85100605
1715550126
742148573
1393027584
1026065532
1983196207
1082406919
1106163839
215940766
1484698134
1081482979
1077142778
1129217891
1921994481
2027662439
894497791
639646564
1077142778
1068567210
1153291628
648454448
1765232216
1216318592
1491570286
469524555
895488595
1993993160
2106824550
158405567
1168657759
1151058150
1374555384
458560728
1024721672
927162390
362937588
1203197610
1289295577
230160915
350204653
635372225
356282321
149319186
1588831498
211567654
1726004134
203884402
1947457170
425456320
1662678508
1878555165
1904997659
1488052294
711732467
790406005
486165219
294368023
1534187539
2044077157
512495046
376560993
1737645971
1006554383
11467696
1216318592
842516704
943617082
829199118
1337930359
975578860
1607166677
900233639
624038015
1488804351
226101050
922789445
1618075068
732707523
1082406919
287574830
1153291628
2133559039
448039982
1146345715
674640012
265953200
1918093899
2073758132
650294445
1085128925
840016145
219507957
1810747522
1728636709
449353007
1072981176
681467138
1236353980
1977261373
766103857
299468724
1507467121
1486187543
624038015
193000316
1509661048
869419631
1319159368
1313845226
2008688850
1386329461
1427658338
984313394
1146345715
279435396
1621914862
555610319
1984769681
1182982264
684865523
1879634615
711732467
695210745
1865663066
80285879
15735808
2009809704
876136688
1797897893
1589895390
1634711407
1568854302
1166514834
748502049
1212966426
360952965
2092812431
945504713
629876822
2092244752
1331482701
2062354179
1146345715
960468484
674640012
43097788
85463341
1660203397
715890201
711732467
1393027584
1782786011
208282310
1907383717
1578569823
144932530
1251455045
702882920
1665832165
1728822661
1767533064
449353007
1341359628
2097999422
770658078
642286592
1067990604
1640222179
193000316
1640957417
189315536
76154099
1998662445
1830719960
1765232216
100346544
780113651
1654427314
709460145
1067990604
1484698134
638499710
1865755306
23035466
1488804351
1151269995
1699206507
2068875365
1729768247
1400901808
1391412809
1616064336
1596778915
1432276827
366009663
1621914862
1156750107
1874018915
1095493496
2073757343
1058063269
267682830
1390582306
1877207321
1572112949
800791649
350204653
1333686656
650294445
1032357031
1937268318
598609218
1359183296
54428430
1400901808
294368023
720104473
706693464
469524555
698589229
499946546
1815071233
1972081201
154458246
144932530
1169318926
1294819409
2073757343
184909360
163413893
555004273
924423335
1000976238
1110554499
1250939531
1853585223
1008169434
1790295214
1408877874
763366547
1488052294
1843065881
1406452830
751258346
1091928834
1884202464
250265099
1768723631
1357518501
1063969062
1712259519
1566946444
45582612
1768455406
960468484
2073758132
823630232
490705771
1652963158
294312900
789638140
1530737596
296205181
1431844783
1940639910
2121330209
524666171
285063297
149319186
1998662445
706693464
1673058271
202268767
1250939531
2068875365
430030851
1313449308
1488369992
945504713
1111808386
410511612
1140204702
1698118199
929901400
1251455045
1719210255
2065773492
877370434
1206326667
1907134810
2086311592
1569870125
408955448
1651421372
267682830
954070839
239551391
1695976040
1175059846
854807373
1275728864
726357185
890767232
668274018
1402085509
144932530
1322611463
1524605055
1454118680
703182507
1223917677
1436973582
1912691114
1289479352
174394133
319399248
294368023
1289295577
1000976238
881066211
2001306500
798428167
2043655669
490705771
913090782
1093058027
1970930152
204343929
824711051
2088697022
826948744
1501503063
1634162174
1153291628
1985751371
1129217891
1853585223
1618112536
1865951961
1958683233
1212941518
988728220
1637116765
3758637
68723801
1280364554
1253887961
2092812431
1907134810
1570641463
1103482763
1765232216
2007574556
1523234251
642546320
2137369079
1110554499
1333338307
842516704
1846944646
748502049
1218839223
1206326667
1260754490
265953200
1547911369
1952868899
2091790730
1443141270
1640712569
953421101
1729768247
1272070753
2021697151
758346600
1768808086
758346600
706693464
1767533064
1527411458
802132256
1738870073
2039792703
1507467121
766906939
1652963158
2024767592
1668622787
1830719960
474830931
1409915550
2065773492
1726004134
405764048
532088255
286076292
1532504629
1856961538
1811860992
965317560
330003848
